Input source 1: random number

alpha        linear    double
-----------------------------
0.5          1.503     1.386
0.6          1.741     1.526
0.7          2.175     1.723
0.8          3.026     2.006
0.9          5.326     2.546 
0.95        10.548     3.145
0.98        20.755     3.988
0.99        40.129     4.651


Input6 source 2: current time

alpha        linear    double
-----------------------------
0.5          1.0       1.0
0.6          1.0       1.0
0.7          1.0       1.0
0.8          1.0       1.0
0.9          1.0       1.0
0.95         1.0       1.0
0.98         1.0       1.0
0.99         1.0       1.0 


Input source 3: word-list

alpha        linear    double
-----------------------------
0.5          1.591     1.398
0.6          2.075     1.541
0.7          3.756     1.725
0.8          7.431     2.018
0.9         22.385     2.567  
0.95       155.206     3.154
0.98       376.095     3.961
0.99       523.734     4.612
